X-location,Y-location,X-location,Y-location,Distance,Bearing,Angle,Abs Angle
726.8,397.2,5.65,4.0425,,,,
725.9,407.6,5.6275,4.3025,0.260971741765,175.049292604,,
723.9,413.2,5.5775,4.4425,0.148660687473,160.313700797,-14.7355918069,14.7355918069
719.0,420.3,5.455,4.62,0.215667568262,145.351067546,-14.962633251,14.962633251
725.1,430.0,5.6075,4.8625,0.286465530213,212.191056137,66.8399885909,66.8399885909
730.8,435.1,5.75,4.99,0.19121323176,228.235746214,16.0446900769,16.0446900769
736.2,438.5,5.885,5.075,0.159530561335,237.880360038,9.64461382451,9.64461382451
740.1,443.4,5.9825,5.1975,0.156564683119,218.574004527,-19.3063555119,19.3063555119
741.5,445.2,6.0175,5.2425,0.057008771255,218.029809089,-0.544195437439,0.544195437439
742.6,443.9,6.045,5.21,0.0425734659148,319.979965793,101.950156704,101.950156704
745.9,441.7,6.1275,5.155,0.0991526600753,303.810052946,-16.1699128464,16.1699128464
749.8,435.1,6.225,4.99,0.191653985088,329.458726375,25.6486734287,25.6486734287
780.6,408.9,6.995,4.335,1.01090306162,310.396878281,-19.0618480945,19.0618480945
789.4,395.9,7.215,4.01,0.392460189064,325.925441933,15.5285636524,15.5285636524
793.2,388.2,7.31,3.8175,0.214665437367,333.762838573,7.83739663964,7.83739663964
795.8,377.4,7.375,3.5475,0.27771388154,346.476193696,12.7133551231,12.7133551231
796.3,367.7,7.3875,3.305,0.242821951232,357.052251946,10.5760582505,10.5760582505
796.4,360.4,7.39,3.1225,0.182517122484,359.216248232,2.16399628623,2.16399628623
789.4,352.1,7.215,2.915,0.271442903757,40.1094331484,40.8931849159,40.8931849159
782.4,346.3,7.04,2.77,0.227266363547,50.3073693421,10.1979361938,10.1979361938
778.2,343.5,6.935,2.7,0.126194294641,56.2156401202,5.90827077809,5.90827077809
771.9,336.8,6.7775,2.5325,0.229918463808,43.1950020904,-13.0206380298,13.0206380298
768.6,334.8,6.695,2.4825,0.0964689069079,58.6548354019,15.4598333115,15.4598333115
768.6,334.7,6.695,2.48,0.0025,0.0,-58.6548354019,58.6548354019
768.6,334.8,6.695,2.4825,0.0025,180.0,-180.0,180.0
768.6,331.8,6.695,2.4075,0.075,0.0,-180.0,180.0
770.9,325.5,6.7525,2.25,0.167667826371,339.973144898,-20.0268551018,20.0268551018
774.1,318.3,6.8325,2.07,0.196977156036,336.066990501,-3.90615439732,3.90615439732
768.5,306.5,6.6925,1.775,0.326534837345,25.3691331955,49.3021426947,49.3021426947
762.2,302.2,6.535,1.6675,0.190689538255,55.6229627027,30.2538295071,30.2538295071
758.4,302.4,6.44,1.6725,0.0951314879522,92.8623316241,37.2393689214,37.2393689214
758.7,297.8,6.4475,1.5575,0.115244305716,356.2766712,-96.5856604244,96.5856604244
762.5,292.7,6.5425,1.43,0.159000786162,323.364003882,-32.9126673174,32.9126673174
765.1,279.2,6.6075,1.0925,0.343702269414,349.106599062,25.7425951801,25.7425951801
756.4,273.4,6.39,0.9475,0.261402467471,56.2644107243,67.157811662,67.157811662
750.7,276.2,6.2475,1.0175,0.158764763093,116.080477832,59.8160671072,59.8160671072
745.7,275.4,6.1225,0.9975,0.126589889012,80.7980950793,-35.2823827522,35.2823827522
740.6,275.3,5.995,0.995,0.127524507449,88.7644752322,7.96638015295,7.96638015295
732.0,275.2,5.78,0.9925,0.215014534392,89.2672623685,0.502787136301,0.502787136301
731.9,264.8,5.7775,0.7325,0.260012018953,0.550375270158,-88.7168870984,88.7168870984
731.3,253.8,5.7625,0.4575,0.275408787078,3.11930297688,2.56892770672,2.56892770672
721.1,239.2,5.5075,0.0925,0.445252737218,34.9209239363,31.8016209594,31.8016209594
705.4,237.5,5.115,0.05,0.394794250211,83.7840777776,48.8631538413,48.8631538413
691.6,235.5,4.77,0.0,0.348604360271,81.713087832,-2.07098994556,2.07098994556
677.5,239.5,4.4175,0.1,0.366409948009,105.800321721,24.0872338893,24.0872338893
662.8,247.3,4.05,0.295,0.416030347451,117.920494276,12.1201725551,12.1201725551
651.4,248.4,3.765,0.3225,0.286323680474,95.461606017,-22.4588882594,22.4588882594
640.2,250.6,3.485,0.3775,0.285350661468,101.063709127,5.60210311033,5.60210311033
622.8,257.9,3.05,0.56,0.471732180374,112.731946515,11.6682373874,11.6682373874
606.7,263.0,2.6475,0.6875,0.422211439921,107.544240188,-5.18770632684,5.18770632684
601.8,263.7,2.525,0.705,0.123743686708,98.0154089488,-9.528831239,9.528831239
596.6,263.5,2.395,0.7,0.130096118313,87.6874627272,-10.3279462217,10.3279462217
592.3,254.0,2.2875,0.4625,0.260696183325,24.3303925377,-63.3570701894,63.3570701894
590.3,243.1,2.2375,0.19,0.277049183359,10.3880197708,-13.9423727669,13.9423727669
573.3,244.6,1.8125,0.2275,0.426651204147,95.0089345315,84.6209147607,84.6209147607
565.8,255.4,1.625,0.4975,0.328719105012,145.197268688,50.1883341565,50.1883341565
556.6,269.2,1.395,0.8425,0.414638396678,146.290731916,1.09346322752,1.09346322752
552.2,282.7,1.285,1.18,0.354973590567,161.935340013,15.6446080972,15.6446080972
549.0,292.6,1.205,1.4275,0.260108150584,162.070522645,0.135182632723,0.135182632723
546.1,301.8,1.1325,1.6575,0.241156069797,162.486352832,0.415830186578,0.415830186578
544.4,307.2,1.09,1.7925,0.141531798547,162.494768772,0.00841594040699,0.00841594040699
541.8,311.7,1.025,1.905,0.129927864602,149.926361859,-12.568406913,12.568406913
537.8,312.9,0.925,1.935,0.104403065089,106.567679617,-43.3586822421,43.3586822421
526.9,305.1,0.6525,1.74,0.335083944706,54.3779270861,-52.1897525313,52.1897525313
516.4,302.5,0.39,1.675,0.270427901667,76.0408829601,21.662955874,21.662955874
500.8,291.7,0.0,1.405,0.474341649025,55.2800724385,-20.7608105216,20.7608105216
