X-location,Y-location,X-location,Y-location,Distance,Bearing,Angle,Abs Angle
37094.0,9439.0,469.925,70.1,,,,
36995.0,9733.0,467.45,77.45,7.75552222613,161.389230127,,
36957.0,9957.0,466.5,83.05,5.68000880281,170.371413938,8.98218381141,8.98218381141
36811.0,10142.0,462.85,87.675,5.89178453442,141.718341376,-28.653072562,28.653072562
36672.0,10319.0,459.375,92.1,5.62638871746,141.855467678,0.13712630205,0.13712630205
36544.0,10397.0,456.175,94.05,3.74733238451,121.353771439,-20.5016962394,20.5016962394
36563.0,10552.0,456.65,97.925,3.90400435451,186.988942073,65.6351706347,65.6351706347
36452.0,10620.0,453.875,99.625,3.25432404656,121.488358331,-65.5005837422,65.5005837422
36318.0,10578.0,450.525,98.575,3.51069793631,72.5934639449,-48.8948943864,48.8948943864
36235.0,10501.0,448.45,96.65,2.83041516389,47.143915416,-25.4495485289,25.4495485289
36129.0,10366.0,445.8,93.275,4.29105173588,38.1364487871,-9.00746662892,9.00746662892
36043.0,10214.0,443.65,89.475,4.36606229914,29.4991340677,-8.63731471933,8.63731471933
35965.0,10123.0,441.7,87.2,2.99635194862,40.5982180509,11.0990839831,11.0990839831
35877.0,10109.0,439.5,86.85,2.22766694099,80.9542355258,40.3560174749,40.3560174749
35796.0,10126.0,437.475,87.275,2.06911816966,101.846162865,20.8919273387,20.8919273387
35644.0,10255.0,433.675,90.5,4.98403701832,130.318507596,28.4723447312,28.4723447312
35522.0,10421.0,430.625,94.65,5.15024271273,143.684676791,13.3661691957,13.3661691957
35430.0,10590.0,428.325,98.875,4.81047035122,151.435621084,7.75094429288,7.75094429288
35392.0,10790.0,427.375,103.875,5.08944987204,169.241498454,17.8058773697,17.8058773697
35601.0,11244.0,432.6,115.225,12.4949239694,204.719594119,35.4780956652,35.4780956652
35748.0,11496.0,436.275,121.525,7.29353309446,210.257452315,5.5378581954,5.5378581954
35782.0,11735.0,437.125,127.5,6.03515741303,188.096878296,-22.1605740185,22.1605740185
35809.0,11882.0,437.8,131.175,3.73647561212,190.408412685,2.31153438919,2.31153438919
35941.0,12455.0,441.1,145.5,14.7001913253,192.972936064,2.56452337837,2.56452337837
35896.0,12475.0,439.975,146.0,1.23110722522,113.951800103,-79.0211359609,79.0211359609
35847.0,12472.0,438.75,145.925,1.22729377086,86.4848922017,-27.466907901,27.466907901
35785.0,12469.0,437.2,145.85,1.55181345528,87.2206382781,0.73574607645,0.73574607645
34437.0,11734.0,403.5,127.475,38.3839891752,61.3981993414,-25.8224389367,25.8224389367
32791.0,11471.0,362.35,120.9,41.6719704958,80.9216709054,19.523471564,19.523471564
31816.0,11633.0,337.975,124.95,24.7091708683,99.4330915876,18.5114206822,18.5114206822
30943.0,11816.0,316.15,129.525,22.2993553718,101.838339425,2.40524783759,2.40524783759
30068.0,12102.0,294.275,136.675,23.0138681016,108.09969766,6.26135823488,6.26135823488
29373.0,12358.0,276.9,143.075,18.5162259924,110.220254095,2.12055643503,2.12055643503
28825.0,12324.0,263.2,142.225,13.7263432858,86.4487347289,-23.7715193662,23.7715193662
27836.0,12300.0,238.475,141.625,24.7322790094,88.6093756546,2.16064092568,2.16064092568
26900.0,12545.0,215.075,147.75,24.1883365488,104.667572874,16.0581972197,16.0581972197
26239.0,12609.0,198.55,149.35,16.6022777052,95.5293802342,-9.13819264005,9.13819264005
26356.0,12441.0,201.475,145.15,5.1181661755,325.147114341,-130.382265894,130.382265894
26425.0,12382.0,203.2,143.675,2.26963653478,310.537595478,-14.6095188625,14.6095188625
26423.0,12383.0,203.15,143.7,0.0559016994375,116.335356229,165.797760751,165.797760751
26790.0,12047.0,212.325,135.3,12.4394784859,312.47588847,-163.859467758,163.859467758
26915.0,11673.0,215.45,125.95,9.85840377546,341.519549244,29.0436607737,29.0436607737
26443.0,11541.0,203.65,122.65,12.2527547923,74.3747024054,92.8551531614,92.8551531614
26294.0,10827.0,199.925,104.8,18.2345311154,11.787364114,-62.5873382913,62.5873382913
26747.0,10059.0,211.25,85.6,22.2911557574,329.466337077,-42.3210270369,42.3210270369
25899.0,9946.0,190.05,82.775,21.3873940675,82.4091881225,112.942851045,112.942851045
25419.0,10141.0,178.05,87.65,12.9524370294,112.108366422,29.6991782999,29.6991782999
24717.0,9897.0,160.5,81.55,18.5798950481,70.8329870529,-41.2753793695,41.2753793695
24996.0,11106.0,167.475,111.775,31.0193689491,192.994731603,122.16174455,122.16174455
26003.0,11366.0,192.65,118.275,26.0005889356,255.523420113,62.5286885096,62.5286885096
26738.0,11491.0,211.025,121.4,18.6388371418,260.348992024,4.82557191162,4.82557191162
27160.0,11258.0,221.575,115.575,12.0512706799,298.905513729,38.5565217048,38.5565217048
27371.0,10857.0,226.85,105.55,11.3281176724,332.247913923,33.342400194,33.342400194
27656.0,10357.0,233.975,93.05,14.388037566,330.317327739,-1.93058618458,1.93058618458
27953.0,9292.0,241.4,66.425,27.6409343185,344.417762275,14.1004345367,14.1004345367
27293.0,8624.0,224.9,49.725,23.4763710995,44.6544577686,60.2366954932,60.2366954932
26846.0,8731.0,213.725,52.4,11.4907027635,103.460516184,58.8060584157,58.8060584157
26615.0,8517.0,207.95,47.05,7.87230112483,47.186468764,-56.2740474203,56.2740474203
26649.0,8164.0,208.8,38.225,8.8658403437,354.49854752,-52.6879212436,52.6879212436
26859.0,7602.0,214.05,24.175,14.998833288,339.511336616,-14.9872109045,14.9872109045
25929.0,7294.0,190.8,16.475,24.4918864116,71.675523041,92.1641864251,92.1641864251
25275.0,8044.0,174.45,35.225,24.8773993818,138.911158687,67.2356356456,67.2356356456
25086.0,8689.0,169.725,51.35,16.8030131227,163.667934881,24.7567761942,24.7567761942
24600.0,9319.0,157.575,67.1,19.8918324948,142.351907721,-21.3160271598,21.3160271598
24499.0,10081.0,155.05,86.15,19.2166106533,172.44958363,30.0976759091,30.0976759091
25061.0,10866.0,169.1,105.775,24.1359301665,215.600143861,43.1505602308,43.1505602308
25603.0,11360.0,182.65,118.125,18.3337121173,227.653351314,12.0532074531,12.0532074531
26161.0,11511.0,196.6,121.9,14.4517516239,254.858910557,27.2055592426,27.2055592426
26257.0,11675.0,199.0,126.0,4.75078940809,210.344797733,-44.5141128233,44.5141128233
26449.0,11942.0,203.8,132.675,8.22165585512,215.72100166,5.37620392697,5.37620392697
27122.0,12798.0,220.625,154.075,27.2220613657,218.17531628,2.45431461959,2.45431461959
27702.0,12821.0,235.125,154.65,14.5113963835,267.730176243,49.5548599632,49.5548599632
28048.0,12764.0,243.775,153.225,8.76659141286,279.356420028,11.6262437853,11.6262437853
28600.0,12595.0,257.575,149.0,14.4322771938,287.023349759,7.6669297308,7.6669297308
28853.0,12651.0,263.9,150.4,6.47808806671,257.521382991,-29.5019667686,29.5019667686
29171.0,12736.0,271.85,152.525,8.22910232042,255.036690384,-2.48469260652,2.48469260652
29285.0,12767.0,274.7,153.3,2.95349369392,254.792160297,-0.244530087102,0.244530087102
29394.0,12801.0,277.425,154.15,2.85449207391,252.680762372,-2.11139792466,2.11139792466
29492.0,13121.0,279.875,162.15,8.36674966758,197.027723052,-55.6530393201,55.6530393201
30045.0,13732.0,293.7,177.425,20.6023360326,222.147917095,25.1201940426,25.1201940426
30966.0,13220.0,316.725,164.625,26.343701809,299.070871478,76.9229543836,76.9229543836
31249.0,12460.0,323.8,145.625,20.2745067758,339.576487552,40.5056160731,40.5056160731
31152.0,11512.0,321.375,121.925,23.8237407852,5.84215480408,26.2656672526,26.2656672526
31042.0,10613.0,318.625,99.45,22.6426174503,6.97586059025,1.13370578617,1.13370578617
30838.0,9633.0,313.525,74.95,25.025187312,11.7588430519,4.78298246167,4.78298246167
30611.0,8955.0,307.85,58.0,17.8747902086,18.5107327059,6.75188965395,6.75188965395
30202.0,7920.0,297.625,32.125,27.8220461145,21.5622286144,3.05149590854,3.05149590854
29757.0,7545.0,286.5,22.75,14.5484105661,49.8785630319,28.3163344175,28.3163344175
29097.0,7128.0,270.0,12.325,19.5174441206,57.7139864975,7.83542346557,7.83542346557
28104.0,6880.0,245.175,6.125,25.5875091597,75.9768547868,18.2628682894,18.2628682894
27386.0,6875.0,227.225,6.0,17.9504352315,89.6002885,13.6234337131,13.6234337131
27157.0,6904.0,221.5,6.725,5.77072352483,97.2148467123,7.61455821233,7.61455821233
26512.0,6635.0,205.375,0.0,17.4711547987,67.3605153566,-29.8543313557,29.8543313557
25372.0,6925.0,176.875,7.25,29.4076945713,104.271977371,36.9114620147,36.9114620147
24505.0,7383.0,155.2,18.7,24.5134274429,117.845059422,13.5730820505,13.5730820505
23595.0,7797.0,132.45,29.05,24.993699206,114.462349878,-3.38270954362,3.38270954362
22430.0,8127.0,103.325,37.3,30.2709121931,105.814882086,-8.64746779211,8.64746779211
21563.0,8480.0,81.65,46.125,23.4026974941,112.153125464,6.33824337752,6.33824337752
20956.0,9303.0,66.475,66.7,25.5658219113,143.589171191,31.4360457273,31.4360457273
20512.0,10054.0,55.375,85.475,21.8107914804,149.407563011,5.81839182053,5.81839182053
19985.0,10759.0,42.2,103.1,22.0050278346,143.220813137,-6.18674987395,6.18674987395
19597.0,11490.0,32.5,121.375,20.6897468568,152.041194269,8.8203811314,8.8203811314
19179.0,12294.0,22.05,141.475,22.6541938722,152.529741307,0.488547038509,0.488547038509
18966.0,12867.0,16.725,155.8,15.2827108197,159.608159001,7.078417694,7.078417694
18889.0,13183.0,14.8,163.7,8.13115151747,166.30513312,6.69697411849,6.69697411849
18923.0,13283.0,15.65,166.2,2.6405491853,198.779795438,32.474662318,32.474662318
18997.0,13389.0,17.5,168.85,3.23187252224,214.921968703,16.1421732648,16.1421732648
18575.0,13251.0,6.95,165.4,11.0997747725,71.8903534996,-143.031615203,143.031615203
18486.0,13086.0,4.725,161.275,4.68681661685,28.3407275524,-43.5496259472,43.5496259472
18393.0,12977.0,2.4,158.55,3.58207342192,40.4686146095,12.1278870571,12.1278870571
18297.0,12863.0,0.0,155.7,3.72592270451,40.0984652262,-0.370149383301,0.370149383301
