X-location,Y-location,X-location,Y-location,Distance,Bearing,Angle,Abs Angle
24505.0,15468.0,61.6,78.325,,,,
24037.0,15366.0,49.9,75.775,11.9746607468,77.7036304645,,
23806.0,15827.0,44.125,87.3,12.8909367387,153.384735773,75.6811053083,75.6811053083
24220.0,15707.0,54.475,84.3,10.7760150334,286.165713472,132.7809777,132.7809777
24128.0,15140.0,52.175,70.125,14.3603838737,9.21619673783,83.0504832656,83.0504832656
23686.0,14799.0,41.125,61.6,13.9562933833,52.3492891423,43.1330924045,43.1330924045
23264.0,14985.0,30.575,66.25,11.5293104737,113.78469151,61.4354023673,61.4354023673
22934.0,15613.0,22.325,81.95,17.7356279844,152.27867569,38.4939841809,38.4939841809
23594.0,15630.0,38.825,82.375,16.5054725773,268.52546818,116.24679249,116.24679249
23850.0,15318.0,45.225,74.575,10.0895986045,320.63155001,52.1060818301,52.1060818301
23968.0,14900.0,48.175,64.125,10.8584068813,344.236149633,23.6045996224,23.6045996224
23591.0,14568.0,38.75,55.825,12.5586872324,48.6308582801,64.3947086474,64.3947086474
23201.0,14612.0,29.0,56.925,9.81185507435,96.4353993548,47.8045410747,47.8045410747
23003.0,14953.0,24.05,65.45,9.85789658091,149.857859348,53.4224599928,53.4224599928
22777.0,15443.0,18.4,77.7,13.4901816148,155.239225739,5.38136639145,5.38136639145
23178.0,15716.0,28.425,84.525,12.1277058836,235.754067626,80.5148418868,80.5148418868
23791.0,15495.0,43.75,79.0,16.2905263881,289.826117976,54.0720503498,54.0720503498
24014.0,15271.0,49.325,73.4,7.90193805341,315.129419245,25.3033012697,25.3033012697
24155.0,14923.0,52.85,64.7,9.38699232981,337.944120848,22.8147016023,22.8147016023
23942.0,14528.0,47.525,54.825,11.2192357137,28.3347621879,50.3906413402,50.3906413402
23498.0,14349.0,36.425,50.35,11.9681086643,68.0419640821,39.7072018941,39.7072018941
23080.0,14559.0,25.975,55.6,11.6946568996,116.673455233,48.6314911508,48.6314911508
22822.0,14900.0,19.525,64.125,10.6900947143,142.888074986,26.2146197535,26.2146197535
22472.0,14944.0,10.775,65.225,8.81887180993,97.1636272052,-45.7244477812,45.7244477812
22163.0,15233.0,3.05,72.45,10.5771569904,133.083438485,35.9198112795,35.9198112795
22168.0,15656.0,3.175,83.025,10.5757387449,180.677240118,47.5938016338,47.5938016338
22586.0,15935.0,13.625,90.0,12.5639613578,236.279308094,55.6020679753,55.6020679753
23140.0,15631.0,27.475,82.4,15.798180275,298.755925354,62.4766172598,62.4766172598
23503.0,15198.0,36.55,71.575,14.1257300696,320.026262778,21.2703374248,21.2703374248
23559.0,14811.0,37.95,61.9,9.77576723332,351.766491635,31.7402288564,31.7402288564
23581.0,14416.0,38.5,52.025,9.89030459592,356.812214104,5.04572246956,5.04572246956
23500.0,13995.0,36.475,41.5,10.7180338682,10.890331403,14.0781172987,14.0781172987
23238.0,13784.0,29.925,36.225,8.41000148633,51.1527111355,40.2623797326,40.2623797326
23089.0,13649.0,26.2,32.85,5.02655448593,47.8200839849,-3.33262715066,3.33262715066
22626.0,13549.0,14.625,30.35,11.8419012409,77.8111960571,29.9911120723,29.9911120723
22332.0,13855.0,7.275,38.0,10.6087228261,136.144790322,58.3335942653,58.3335942653
22251.0,14311.0,5.25,49.4,11.5784552078,169.927297285,33.7825069627,33.7825069627
22536.0,14684.0,12.375,58.725,11.7354697392,217.3833159,47.4560186144,47.4560186144
22721.0,15002.0,17.0,66.675,9.19745209284,210.189984128,-7.19333177164,7.19333177164
23194.0,15240.0,28.825,72.625,13.2375649196,243.290794086,33.1008099581,33.1008099581
23736.0,15202.0,42.375,71.675,13.5832617585,274.011463985,30.7206698986,30.7206698986
24102.0,15311.0,51.525,74.4,9.54715271691,253.417220755,-20.5942432291,20.5942432291
24543.0,15572.0,62.55,80.925,12.8111767609,239.382406954,-14.0348138014,14.0348138014
24910.0,15249.0,71.725,72.85,12.2223667921,311.352135045,71.9697280909,71.9697280909
24985.0,14820.0,73.6,62.125,10.8876650389,350.083692064,38.7315570189,38.7315570189
24785.0,14409.0,68.6,51.85,11.4269691957,25.9478619526,35.8641698887,35.8641698887
24450.0,14133.0,60.225,44.95,10.8512960055,50.5145762269,24.5667142743,24.5667142743
24099.0,13993.0,51.45,41.45,9.4472548923,68.2535501983,17.7389739714,17.7389739714
23762.0,13819.0,43.025,37.1,9.48172584501,62.6904775932,-5.56307260505,5.56307260505
23448.0,13577.0,35.175,31.05,9.91085263739,52.3774353527,-10.3130422406,10.3130422406
23183.0,13405.0,28.55,26.75,7.89814060396,57.0126740934,4.6352387407,4.6352387407
22813.0,13415.0,19.3,27.0,9.25337776166,91.5465355801,34.5338614868,34.5338614868
22592.0,13794.0,13.775,36.475,10.9681926497,149.752279883,58.2057443033,58.2057443033
22556.0,14054.0,12.875,42.975,6.56201188661,172.116554627,22.3642747439,22.3642747439
22596.0,14383.0,13.875,51.2,8.28556727086,186.932244309,14.8156896816,14.8156896816
22735.0,14635.0,17.35,57.5,7.19483321558,208.881556863,21.949312554,21.949312554
22620.0,15029.0,14.475,67.35,10.2610001949,163.728222729,-45.153334134,45.153334134
22671.0,15258.0,15.75,73.075,5.86525788009,192.555838251,28.827615522,28.827615522
23061.0,15401.0,25.5,76.65,10.3847544506,249.86505061,57.3092123589,57.3092123589
23504.0,15453.0,36.575,77.95,11.1510369473,263.306518059,13.4414674491,13.4414674491
23706.0,15398.0,41.625,76.575,5.2338441895,285.23369292,21.9271748604,21.9271748604
23926.0,15274.0,47.125,73.475,6.31347764707,299.409114303,14.1754213839,14.1754213839
24110.0,15248.0,51.725,72.825,4.64569693372,278.04587793,-21.3632363734,21.3632363734
24426.0,15176.0,59.625,71.025,8.10246875958,282.837267972,4.79139004148,4.79139004148
24518.0,14899.0,61.925,64.1,7.29695998345,341.627729953,58.7904619812,58.7904619812
24538.0,14609.0,62.425,56.85,7.26722092687,356.054946045,14.4272160927,14.4272160927
24418.0,14326.0,59.425,49.775,7.68476577392,22.9776091304,26.922663085,26.922663085
24268.0,13941.0,55.675,40.15,10.3297204706,21.2859197003,-1.69168943009,1.69168943009
24161.0,13692.0,53.0,33.925,6.77541511643,23.2532946624,1.96737496202,1.96737496202
23948.0,13358.0,47.675,25.575,9.90344005889,32.5259074877,9.2726128254,9.2726128254
23752.0,13113.0,42.775,19.45,7.84382719086,38.658700154,6.13279266627,6.13279266627
23529.0,12854.0,37.2,12.975,8.54436949107,40.7275185839,2.06881842986,2.06881842986
23210.0,12561.0,29.225,5.65,10.8284925082,47.4317374409,6.70421885706,6.70421885706
22721.0,12335.0,17.0,0.0,13.4674839892,65.194235164,17.7624977231,17.7624977231
22354.0,12549.0,7.825,5.35,10.6208815547,120.245513761,55.051278597,55.051278597
22255.0,12902.0,5.35,14.175,9.16549234902,164.333239371,44.0877256101,44.0877256101
22149.0,13178.0,2.7,21.075,7.3913801147,158.989603401,-5.34363597007,5.34363597007
22162.0,13470.0,3.025,28.375,7.30723100771,182.549245519,23.5596421183,23.5596421183
22372.0,13616.0,8.275,32.025,6.39413794033,235.193387834,52.6441423144,52.6441423144
22437.0,13821.0,9.9,37.15,5.3764532919,197.593244696,-37.6001431375,37.6001431375
22332.0,14147.0,7.275,45.3,8.56230839202,162.146454791,-35.4467899056,35.4467899056
22225.0,14446.0,4.6,52.775,7.9392222541,160.309142304,-1.83731248694,1.83731248694
22041.0,14697.0,0.0,59.05,7.78046431776,143.75494052,-16.5542017833,16.5542017833
22155.0,14970.0,2.85,65.875,7.39615609624,202.665322871,58.910382351,58.910382351
22353.0,15154.0,7.8,70.475,6.75740334744,227.10049853,24.4351756586,24.4351756586
22578.0,15321.0,13.425,74.65,7.005087437,233.418061486,6.31756295588,6.31756295588
22906.0,15426.0,21.625,77.275,8.60991434336,252.250635839,18.8325743529,18.8325743529
23359.0,15415.0,32.95,77.0,11.3283383601,271.392204104,19.1415682654,19.1415682654
