X-location,Y-location,X-location,Y-location,Distance,Bearing,Angle,Abs Angle
24094.0,20043.0,75.1,82.05,,,,
23378.0,20016.0,57.2,81.375,17.9127224341,87.8397033275,,
23184.0,20628.0,52.35,96.675,16.0503115235,162.411440668,74.5717373401,74.5717373401
23528.0,20987.0,60.95,105.65,12.4302302875,223.778492431,61.3670517633,61.3670517633
24051.0,21157.0,74.025,109.9,13.7483862689,251.994412925,28.2159204941,28.2159204941
24649.0,20968.0,88.975,105.175,15.6789070091,287.540133662,35.5457207374,35.5457207374
24847.0,20450.0,93.925,92.225,13.8638017874,339.081526259,51.5413925966,51.5413925966
25129.0,20165.0,100.975,85.1,10.0233789213,315.304116806,-23.7774094532,23.7774094532
25444.0,20001.0,108.85,81.0,8.8783796382,297.504437688,-17.7996791177,17.7996791177
24971.0,19364.0,97.025,65.075,19.8352275006,36.5950812342,99.0906435462,99.0906435462
24383.0,19073.0,82.325,57.8,16.4016957965,63.6685571537,27.0734759195,27.0734759195
23896.0,19414.0,70.15,66.325,14.8629152591,124.999079529,61.3305223749,61.3305223749
23422.0,19650.0,58.3,72.225,13.2375413125,116.467245537,-8.53183399157,8.53183399157
22895.0,20160.0,45.125,84.975,18.3342064186,134.060208824,17.5929632867,17.5929632867
23099.0,20937.0,50.225,104.4,20.0833419779,194.711084396,60.6508755722,60.6508755722
23613.0,21287.0,63.075,113.15,15.5462214059,235.748534775,41.037450379,41.037450379
24090.0,21313.0,75.0,113.8,11.9427017463,266.881318006,31.1327832314,31.1327832314
24739.0,21125.0,91.225,109.1,16.8920284454,286.155808394,19.2744903877,19.2744903877
25230.0,20749.0,103.5,99.7,15.4607769856,307.445009789,21.2892013944,21.2892013944
25610.0,20405.0,113.0,91.1,12.8144449743,312.154171339,4.70916155076,4.70916155076
25882.0,20080.0,119.8,82.975,10.595075507,320.074093714,7.91992237488,7.91992237488
26285.0,19581.0,129.875,70.5,16.0353125944,321.07565752,1.00156380546,1.00156380546
26323.0,19163.0,130.825,60.05,10.4930929663,354.805690291,33.7300327711,33.7300327711
26214.0,18627.0,128.1,46.65,13.674268719,11.4946241623,16.6889338715,16.6889338715
25689.0,18100.0,114.975,33.475,18.5969419529,44.8905671171,33.3959429548,33.3959429548
25070.0,17734.0,99.5,24.325,17.9777118956,59.4045476271,14.5139805101,14.5139805101
24262.0,17805.0,79.3,26.1,20.2778358066,95.0209800138,35.6164323867,35.6164323867
24091.0,17950.0,75.025,29.725,5.60502007133,130.294394109,35.273414095,35.273414095
24104.0,18155.0,75.35,34.85,5.13529453878,183.628711758,53.334317649,53.334317649
24000.0,18472.0,72.75,42.775,8.34060099753,161.836042411,-21.792669347,21.792669347
23888.0,18701.0,69.95,48.5,6.37303891405,153.936520962,-7.89952144904,7.89952144904
23656.0,19062.0,64.15,57.525,10.7280298751,147.272046585,-6.66447437654,6.66447437654
23392.0,19166.0,57.55,60.125,7.09365914039,111.499497703,-35.7725488821,35.7725488821
23045.0,19330.0,48.875,64.225,9.5950833764,115.295066493,3.79556878999,3.79556878999
22836.0,19393.0,43.65,65.8,5.45721998824,106.772091489,-8.52297500358,8.52297500358
22597.0,19317.0,37.675,63.9,6.26981857792,72.357655407,-34.4144360825,34.4144360825
22351.0,19245.0,31.525,62.1,6.40800280899,73.6840645141,1.32640910707,1.32640910707
22086.0,19214.0,24.9,61.325,6.67017615959,83.3257374775,9.64167296343,9.64167296343
21670.0,19415.0,14.5,66.35,11.5503517262,115.787411957,32.4616744793,32.4616744793
21248.0,19534.0,3.95,69.325,10.96143809,105.746628385,-10.0407835715,10.0407835715
21090.0,20028.0,0.0,81.675,12.9663024799,162.26339404,56.5167656543,56.5167656543
21126.0,20567.0,0.9,95.15,13.505022214,183.821204008,21.5578099682,21.5578099682
21361.0,21147.0,6.775,109.65,15.6449872164,202.056795974,18.2355919662,18.2355919662
21745.0,21359.0,16.375,114.95,10.9658560997,241.098838118,39.0420421436,39.0420421436
22178.0,21488.0,27.2,118.175,11.2951870281,253.411352915,12.3125147979,12.3125147979
22639.0,21709.0,38.725,123.7,12.7808939437,244.388349393,-9.02300352227,9.02300352227
23107.0,21911.0,50.425,128.75,12.7433315895,246.654904673,2.26655527962,2.26655527962
23704.0,22192.0,65.35,135.775,16.4956433642,244.795095011,-1.85980966179,1.85980966179
24366.0,22461.0,81.9,142.5,17.8641575508,247.886708936,3.09161392521,3.09161392521
24967.0,22500.0,96.925,143.475,15.0566015422,266.288198943,18.4014900064,18.4014900064
25518.0,22402.0,110.7,141.025,13.9911802576,280.086018357,13.7978194142,13.7978194142
26088.0,22196.0,124.95,135.875,15.1520625659,289.870863346,9.78484498913,9.78484498913
26630.0,21848.0,138.5,127.175,16.102561908,302.703857875,12.8329945287,12.8329945287
27099.0,21450.0,150.225,117.225,15.3778452652,310.319072951,7.61521507599,7.61521507599
27556.0,20887.0,161.65,103.15,18.1283272808,320.933435328,10.6143623778,10.6143623778
27856.0,20381.0,169.15,90.5,14.7062061729,329.337389094,8.40395376511,8.40395376511
28244.0,19876.0,178.85,77.875,15.9210748695,322.46483724,-6.87255185379,6.87255185379
28464.0,19374.0,184.35,65.325,13.702280832,336.335107269,13.8702700292,13.8702700292
28717.0,19148.0,190.675,59.675,8.48104504174,311.77501682,-24.5600904489,24.5600904489
29428.0,19156.0,208.45,59.875,17.7761251402,269.356230175,-42.4187866449,42.4187866449
30053.0,18818.0,224.075,51.425,17.763533573,298.405179931,29.0489497562,29.0489497562
29979.0,17997.0,222.225,30.9,20.6082052833,5.15032139831,66.7451414669,66.7451414669
30081.0,17544.0,224.775,19.575,11.6085367295,347.310848189,-17.8394732095,17.8394732095
30232.0,17251.0,228.55,12.25,8.24052486192,332.736079746,-14.5747684425,14.5747684425
30370.0,16926.0,232.0,4.125,8.8271243902,336.993790752,4.25771100533,4.25771100533
30240.0,16761.0,228.75,0.0,5.2514878844,38.2321694996,61.238378748,61.238378748
