X-location,Y-location,X-location,Y-location,Distance,Bearing,Angle,Abs Angle
22264.0,19660.0,45.575,342.3,,,,
22941.0,19776.0,62.5,345.2,17.1716517843,260.278009547,,
23287.0,19376.0,71.15,335.2,13.2220459839,319.140868777,58.8628592296,58.8628592296
23469.0,18920.0,75.7,323.8,12.2744653651,338.242344928,19.1014761514,19.1014761514
24172.0,18586.0,93.275,315.45,19.4577266144,295.413315635,-42.8290292938,42.8290292938
24786.0,18047.0,108.625,301.975,20.4254283921,311.278770296,15.865454661,15.865454661
25420.0,17564.0,124.475,289.9,19.9255646093,307.301752672,-3.97701762392,3.97701762392
25558.0,17414.0,127.925,286.15,5.09558632544,317.387811208,10.0860585365,10.0860585365
25622.0,17355.0,129.525,284.675,2.17614912173,312.676984116,-4.71082709219,4.71082709219
26052.0,17047.0,140.275,276.975,13.2231804041,305.614067316,-7.0629167994,7.0629167994
26368.0,16566.0,148.175,264.95,14.3878638095,326.697019039,21.0829517227,21.0829517227
26500.0,16310.0,151.475,258.55,7.20069441096,332.724125199,6.02710615994,6.02710615994
26859.0,15878.0,160.45,247.75,14.0424579401,320.273409372,-12.4507158271,12.4507158271
26851.0,15278.0,160.25,232.75,15.0013332741,0.763886376237,40.4904770042,40.4904770042
27281.0,14500.0,171.0,213.3,22.2230735948,331.070892362,-29.6929940142,29.6929940142
27734.0,13669.0,182.325,192.525,23.6612816644,331.40430018,0.333407818185,0.333407818185
27487.0,12925.0,176.15,173.925,19.5982301497,18.3653967177,46.9610965375,46.9610965375
27520.0,12287.0,176.975,157.975,15.9713219553,357.039107691,-21.3262890265,21.3262890265
27113.0,11829.0,166.8,146.525,15.3177388997,41.6251875771,44.5860798859,44.5860798859
26712.0,11578.0,156.775,140.25,11.8269290181,57.9551253018,16.3299377247,16.3299377247
26780.0,10837.0,158.475,121.725,18.602839165,354.756839076,-63.1982862258,63.1982862258
27020.0,10082.0,164.475,102.85,19.8056967815,342.365743121,-12.3910959547,12.3910959547
27350.0,9763.0,172.725,94.875,11.4744553248,314.029836763,-28.3359063581,28.3359063581
27873.0,9503.0,185.8,88.375,14.6015624164,296.434262555,-17.5955742083,17.5955742083
28351.0,8949.0,197.75,74.525,18.2927581299,319.212330564,22.7780680093,22.7780680093
28348.0,8575.0,197.675,65.175,9.3503007973,0.45957005828,41.2472394941,41.2472394941
28232.0,8398.0,194.775,60.75,5.29061669373,33.2380643095,32.7784942512,32.7784942512
27913.0,8215.0,186.8,56.175,9.19408777422,60.1571980485,26.919133739,26.919133739
27723.0,8062.0,182.05,52.35,6.09861664642,51.1550011076,-9.00219694088,9.00219694088
27517.0,7461.0,176.9,37.325,15.8831081656,18.9194932021,-32.2355079056,32.2355079056
27425.0,6641.0,174.6,16.825,20.6286208943,6.40146422872,-12.5180289733,12.5180289733
27355.0,6279.0,172.85,7.775,9.21764612035,10.9439339246,4.54246969592,4.54246969592
27348.0,6164.0,172.675,4.9,2.88032116265,3.48297228971,-7.46096163493,7.46096163493
27297.0,6014.0,171.4,1.15,3.96082377795,18.7768850214,15.2939127316,15.2939127316
26885.0,5968.0,161.1,0.0,10.364000193,83.6279801575,64.8510951362,64.8510951362
26636.0,6045.0,154.875,1.925,6.51584606939,107.181379287,23.5533991291,23.5533991291
26386.0,6216.0,148.625,6.2,7.57219419983,124.370519556,17.1891402691,17.1891402691
26386.0,6216.0,148.625,6.2,0.0,124.370519556,0.0,0.0
26151.0,6670.0,142.75,17.55,12.7803804716,152.632422212,28.261902656,28.261902656
26026.0,7061.0,139.625,27.325,10.2623705838,162.270840783,9.63841857117,9.63841857117
25611.0,7318.0,129.25,33.75,12.2033294637,121.767937911,-40.5029028715,40.5029028715
25190.0,7504.0,118.725,38.4,11.5064384151,113.834897556,-7.93304035511,7.93304035511
25109.0,7977.0,116.7,50.225,11.9971350747,170.282298403,56.4474008463,56.4474008463
25093.0,8478.0,116.3,62.75,12.5313855978,178.170778337,7.88847993427,7.88847993427
24981.0,9084.0,113.5,77.9,15.4065732725,169.528660421,-8.64211791618,8.64211791618
25153.0,9836.0,117.8,96.7,19.2854867711,192.883453001,23.3547925804,23.3547925804
25137.0,10263.0,117.4,107.375,10.6824915165,177.854037473,-15.0294155284,15.0294155284
24926.0,10789.0,112.125,120.525,14.1685611478,158.141876103,-19.7121613696,19.7121613696
24677.0,10915.0,105.9,123.675,6.97661271678,116.838624207,-41.3032518961,41.3032518961
24546.0,11384.0,102.625,135.4,12.1737935747,164.393681229,47.555057022,47.555057022
24653.0,11841.0,105.3,146.825,11.7339784387,193.177900739,28.78421951,28.78421951
24785.0,12378.0,108.6,160.25,13.8246383316,193.810336087,0.632435347901,0.632435347901
24800.0,13096.0,108.975,178.2,17.9539167036,181.196830616,-12.6135054704,12.6135054704
24509.0,13526.0,101.7,188.95,12.9802975698,145.911404228,-35.2854263885,35.2854263885
24097.0,14102.0,91.4,203.35,17.7045191971,144.424201131,-1.48720309696,1.48720309696
24024.0,14256.0,89.575,207.2,4.26064842483,154.636371512,10.2121703815,10.2121703815
23798.0,14606.0,83.925,215.95,10.4156132801,147.148317839,-7.48805367309,7.48805367309
23576.0,15369.0,78.375,235.025,19.8660042535,163.777073609,16.6287557697,16.6287557697
23388.0,15834.0,73.675,246.65,12.5391636483,157.986016679,-5.79105693037,5.79105693037
23147.0,16448.0,67.65,262.0,16.490091722,158.569252924,0.583236244843,0.583236244843
23144.0,16461.0,67.575,262.325,0.333541601603,166.995708574,8.42645565064,8.42645565064
22785.0,17170.0,58.6,280.05,19.8677187921,153.144416088,-13.8512924857,13.8512924857
22621.0,18008.0,54.5,301.0,21.3474237322,168.926796125,15.7823800367,15.7823800367
22496.0,18886.0,51.375,322.95,22.1713356612,171.897209615,2.9704134901,2.9704134901
22419.0,19571.0,49.45,340.075,17.2328537973,173.586277435,1.68906781934,1.68906781934
21818.0,20336.0,34.425,359.2,24.3211070883,141.845685222,-31.7405922131,31.7405922131
21321.0,21220.0,22.0,381.3,25.3533158581,150.65425521,8.80856998869,8.80856998869
20970.0,21512.0,13.225,388.6,11.4144918853,129.75636222,-20.8978929901,20.8978929901
20970.0,21512.0,13.225,388.6,0.0,129.75636222,0.0,0.0
20971.0,21512.0,13.25,388.6,0.025,270.572863162,140.816500942,140.816500942
20971.0,21511.0,13.25,388.575,0.025,0.0,89.4271368382,89.4271368382
20971.0,21512.0,13.25,388.6,0.025,180.0,-180.0,180.0
20640.0,21840.0,4.975,396.8,11.6497049319,134.738259623,-45.2617403767,45.2617403767
20455.0,22273.0,0.35,407.625,11.7716290292,156.864822346,22.1265627231,22.1265627231
20441.0,22578.0,0.0,415.25,7.63302856015,177.371786272,20.506963926,20.506963926
20445.0,22886.0,0.1,422.95,7.70064932327,180.744083987,3.37229771481,3.37229771481
