X-location,Y-location,X-location,Y-location,Distance,Bearing,Angle,Abs Angle
37624.0,17401.0,210.85,21.8,,,,
37624.0,17402.0,210.85,21.825,0.025,180.0,,
37625.0,17403.0,210.875,21.85,0.0353553390593,225.28795432,45.2879543197,45.2879543197
37626.0,17405.0,210.9,21.9,0.0559016994375,206.680125324,-18.6078289954,18.6078289954
37626.0,17406.0,210.9,21.925,0.025,180.0,-26.6801253243,26.6801253243
37118.0,17331.0,198.2,20.05,12.8376643125,81.600611281,-98.399388719,98.399388719
37050.0,17340.0,196.5,20.275,1.71482506396,97.5310945299,15.9304832488,15.9304832488
36851.0,17349.0,191.525,20.5,4.98008534063,92.5865546979,-4.94453983195,4.94453983195
36510.0,17466.0,183.0,23.425,9.01283806578,108.935967192,16.3494124937,16.3494124937
36358.0,17482.0,179.2,23.825,3.82099463491,96.0052068346,-12.9307603571,12.9307603571
36236.0,17499.0,176.15,24.25,3.07946829826,97.9280820158,1.92287518127,1.92287518127
36237.0,17499.0,176.175,24.25,0.025,270.572863162,172.644781146,172.644781146
36097.0,17263.0,172.675,18.35,6.86002915446,30.6762406495,120.103377488,120.103377488
35826.0,16980.0,165.9,11.275,9.79572610887,43.758155861,13.0819152114,13.0819152114
35619.0,16994.0,160.725,11.625,5.18682224488,93.8663565047,50.1082006437,50.1082006437
35469.0,17108.0,156.975,14.475,4.71009554043,127.232368112,33.3660116069,33.3660116069
35439.0,17153.0,156.225,15.6,1.3520817283,146.304026618,19.0716585062,19.0716585062
35400.0,16965.0,155.25,10.9,4.80006510373,11.7190028844,-134.585023733,134.585023733
35401.0,16965.0,155.275,10.9,0.025,270.572863162,-101.146139723,101.146139723
35399.0,16770.0,155.225,6.025,4.87525640351,0.587598781431,90.0147356196,90.0147356196
35132.0,16529.0,148.55,0.0,8.99201034252,47.9287626486,47.3411638672,47.3411638672
34654.0,16750.0,136.6,5.525,13.1654139699,114.812092487,66.8833298382,66.8833298382
34656.0,16916.0,136.65,9.675,4.15030119389,180.690319362,65.8782268756,65.8782268756
34656.0,16916.0,136.65,9.675,0.0,180.690319362,0.0,0.0
34656.0,16916.0,136.65,9.675,0.0,180.690319362,0.0,0.0
34651.0,16981.0,136.525,11.3,1.6298006013,175.600616758,-5.0897026045,5.0897026045
34651.0,16981.0,136.525,11.3,0.0,175.600616758,0.0,0.0
34651.0,16981.0,136.525,11.3,0.0,175.600616758,0.0,0.0
34650.0,16984.0,136.5,11.375,0.0790569415042,161.507567392,-14.0930493655,14.0930493655
34651.0,16985.0,136.525,11.4,0.0353553390593,225.28795432,63.7803869273,63.7803869273
34650.0,16985.0,136.5,11.4,0.025,89.4271368382,-135.860817481,135.860817481
34592.0,17074.0,135.05,13.625,2.65577201582,146.905327121,57.4781902827,57.4781902827
34359.0,17145.0,129.225,15.4,6.08943757666,106.944769448,-39.9605576732,39.9605576732
34082.0,17409.0,122.3,22.0,9.56637993182,133.622348593,26.6775791457,26.6775791457
34119.0,17616.0,123.225,27.175,5.25701911733,190.1347393,56.5123907069,56.5123907069
34119.0,17615.0,123.225,27.15,0.025,0.0,169.8652607,169.8652607
34119.0,17615.0,123.225,27.15,0.0,0.0,0.0,0.0
34338.0,17736.0,128.7,30.175,6.2550979209,241.080904567,-118.919095433,118.919095433
34646.0,17881.0,136.4,33.8,8.51061836766,244.791495795,3.71059122847,3.71059122847
34701.0,18048.0,137.775,37.975,4.39559438529,198.229884605,-46.5616111905,46.5616111905
34685.0,18156.0,137.375,40.675,2.72946881279,171.572254719,-26.6576298853,26.6576298853
34655.0,18244.0,136.625,42.875,2.32432785983,161.173285361,-10.3989693585,10.3989693585
34611.0,18348.0,135.525,45.475,2.8231188427,157.065903074,-4.10738228732,4.10738228732
34611.0,18348.0,135.525,45.475,0.0,157.065903074,0.0,0.0
34584.0,18399.0,134.85,46.75,1.44265380463,152.098059086,-4.9678439876,4.9678439876
34584.0,18400.0,134.85,46.775,0.025,180.0,27.901940914,27.901940914
34584.0,18400.0,134.85,46.775,0.0,180.0,0.0,0.0
34483.0,18471.0,132.325,48.55,3.08646237625,125.10223612,-54.8977638797,54.8977638797
34374.0,18523.0,129.6,49.85,3.01920933358,115.499802892,-9.60243322799,9.60243322799
34274.0,18595.0,127.1,51.65,3.08058436015,125.750067821,10.2502649291,10.2502649291
34208.0,18634.0,125.45,52.625,1.91653985088,120.572741808,-5.1773260137,5.1773260137
34039.0,18793.0,121.225,56.6,5.80096974652,133.251880432,12.6791386248,12.6791386248
33391.0,19063.0,105.025,63.35,17.55,112.619054633,-20.632825799,20.632825799
32719.0,19052.0,88.225,63.075,16.8022505933,89.0614292499,-23.5576253836,23.5576253836
32202.0,18959.0,75.3,60.75,13.1324502664,79.8014610523,-9.2599681976,9.2599681976
32061.0,18666.0,71.775,53.425,8.1290374584,25.6974512022,-54.1040098501,54.1040098501
32056.0,18402.0,71.65,46.825,6.60118360599,1.08497744817,-24.612473754,24.612473754
32056.0,18403.0,71.65,46.85,0.025,180.0,178.915022552,178.915022552
32082.0,18079.0,72.3,38.75,8.12603839518,355.412158996,175.412158996,175.412158996
31608.0,17887.0,60.45,33.95,12.7852454024,67.9479562861,72.5357972899,72.5357972899
31233.0,18175.0,51.075,41.15,11.8207709139,127.523257235,59.5753009489,59.5753009489
30940.0,18642.0,43.75,52.825,13.7826430702,147.89489072,20.3716334854,20.3716334854
31377.0,19117.0,54.675,64.7,16.1360233639,222.614692995,74.7198022741,74.7198022741
31707.0,19372.0,62.925,71.075,10.4260790808,232.306890844,9.69219784916,9.69219784916
32201.0,19308.0,75.275,69.475,12.453212437,277.382889323,45.0759984794,45.0759984794
32332.0,19219.0,78.55,67.25,3.95932443733,304.1947143,26.8118249772,26.8118249772
32584.0,18933.0,84.85,60.1,9.52955927627,318.617072627,14.4223583268,14.4223583268
32796.0,18522.0,90.15,49.825,11.5613850814,332.715178551,14.0981059239,14.0981059239
32738.0,17987.0,88.7,36.45,13.4533685373,6.18723112892,33.4720525779,33.4720525779
32268.0,17567.0,76.95,25.95,15.7579345093,48.2148469237,42.0276157948,42.0276157948
31435.0,17565.0,56.125,25.9,20.8250600239,89.8618234501,41.6469765264,41.6469765264
30816.0,17808.0,40.65,31.975,16.6247180427,111.432556023,21.5707325726,21.5707325726
30398.0,18338.0,30.2,45.225,16.8749814815,141.737330625,30.3047746022,30.3047746022
30174.0,18850.0,24.6,58.025,13.9713993573,156.370191371,14.6328607457,14.6328607457
29820.0,19265.0,15.75,68.4,13.6368297269,139.534706141,-16.835485229,16.835485229
30016.0,19839.0,20.65,82.75,15.1635253157,198.853479946,59.3187738044,59.3187738044
30578.0,20257.0,34.7,93.2,17.5101399195,233.359854828,34.5063748825,34.5063748825
30672.0,20332.0,37.05,95.075,3.00634745164,231.418369796,-1.9414850323,1.9414850323
30672.0,20332.0,37.05,95.075,0.0,231.418369796,0.0,0.0
30640.0,20602.0,36.25,101.825,6.79724208779,173.240665134,-58.1777046617,58.1777046617
30235.0,20920.0,26.125,109.775,12.8731552076,128.137558992,-45.1031061425,45.1031061425
30149.0,20968.0,23.975,110.975,2.46221445045,119.162481909,-8.9750770829,8.9750770829
30148.0,20970.0,23.95,111.025,0.0559016994375,153.319874676,34.1573927668,34.1573927668
30148.0,20970.0,23.95,111.025,0.0,153.319874676,0.0,0.0
30149.0,20969.0,23.975,111.0,0.0353553390593,315.285013508,161.965138833,161.965138833
30149.0,20969.0,23.975,111.0,0.0,315.285013508,0.0,0.0
30063.0,20986.0,21.825,111.425,2.19160329439,101.175275729,145.89026222,145.89026222
29709.0,20955.0,12.975,110.65,8.88386880813,84.9938054468,-16.1814702818,16.1814702818
29190.0,20844.0,0.0,107.875,13.2684305779,77.9268728027,-7.06693264409,7.06693264409
29201.0,21554.0,0.275,125.625,17.7521301539,180.887623327,102.960750524,102.960750524
29549.0,21843.0,8.975,132.85,11.3088737282,230.292749621,49.4051262944,49.4051262944
29549.0,21844.0,8.975,132.875,0.025,180.0,-50.2927496212,50.2927496212
29548.0,21846.0,8.95,132.925,0.0559016994375,153.319874676,-26.6801253243,26.6801253243
29548.0,21848.0,8.95,132.975,0.05,180.0,26.6801253243,26.6801253243
29547.0,21848.0,8.925,132.975,0.025,89.4271368382,-90.5728631618,90.5728631618
29548.0,21848.0,8.95,132.975,0.025,270.572863162,-178.854273676,178.854273676
29547.0,21848.0,8.925,132.975,0.025,89.4271368382,178.854273676,178.854273676
29548.0,21848.0,8.95,132.975,0.025,270.572863162,-178.854273676,178.854273676
29994.0,21765.0,20.1,130.9,11.3414339922,280.543245867,9.97038270538,9.97038270538
30778.0,21586.0,39.7,126.425,20.1043683064,282.861739678,2.31849381059,2.31849381059
31704.0,21596.0,62.85,126.675,23.1513498527,269.381973303,-13.4797663751,13.4797663751
32598.0,21308.0,85.2,119.475,23.4811094286,287.856742953,18.4747696506,18.4747696506
33084.0,21191.0,97.35,116.55,12.4971246693,283.536906121,-4.3198368324,4.3198368324
33401.0,20989.0,105.275,111.5,9.39724028638,302.507501065,18.9705949445,18.9705949445
33592.0,20791.0,110.05,106.55,6.877726732,316.032326936,13.5248258707,13.5248258707
33740.0,20630.0,113.75,102.525,5.46723193216,317.410818425,1.37849148939,1.37849148939
33835.0,20552.0,116.125,100.575,3.0729668075,309.391356392,-8.01946203393,8.01946203393
33955.0,20436.0,119.125,97.675,4.17252920901,314.031407365,4.64005097373,4.64005097373
