X-location,Y-location,X-location,Y-location,Distance,Bearing,Angle,Abs Angle
21147.0,25177.0,36.45,581.2,,,,
21416.0,24921.0,43.175,574.8,9.28362133006,313.582615687,,
21514.0,24855.0,45.625,573.15,2.95381109755,303.963034494,-9.61958119333,9.61958119333
22073.0,24508.0,59.6,564.475,16.4485941649,301.830688665,-2.13234582893,2.13234582893
22798.0,24101.0,77.725,554.3,20.7857222631,299.309502496,-2.52118616864,2.52118616864
23502.0,23671.0,95.325,543.55,20.6233484187,301.416938929,2.10743643251,2.10743643251
23794.0,23502.0,102.625,539.325,8.43449020392,300.06226665,-1.35467227901,1.35467227901
24218.0,22817.0,113.225,522.2,20.1401495774,328.243747027,28.1814803774,28.1814803774
24616.0,22225.0,123.175,507.4,17.8337461011,326.087585657,-2.15616137028,2.15616137028
24858.0,21778.0,129.225,496.225,12.7076010718,331.569973172,5.48238751489,5.48238751489
24991.0,21091.0,132.55,479.05,17.4938917911,349.04349057,17.4735173981,17.4735173981
25034.0,20619.0,133.625,467.25,11.8488659795,354.794731618,5.75124104866,5.75124104866
24916.0,19790.0,130.675,446.525,20.9338989441,8.10098265688,13.3062510385,13.3062510385
24746.0,19002.0,126.425,426.825,20.1532255483,12.1740432148,4.07306055792,4.07306055792
24390.0,18190.0,117.525,406.525,22.1652881777,23.6735420985,11.4994988837,11.4994988837
23928.0,17485.0,105.975,388.9,21.0723307918,33.2372484857,9.56370638715,9.56370638715
23368.0,16877.0,91.975,373.7,20.6649461649,42.6462695663,9.4090210806,9.4090210806
22650.0,16405.0,74.025,361.9,21.4812127218,56.6793068445,14.0330372782,14.0330372782
22282.0,15739.0,64.825,345.25,19.0226838275,28.9226174096,-27.7566894349,27.7566894349
22067.0,15457.0,59.45,338.2,8.86527636343,37.3213603146,8.39874290499,8.39874290499
21669.0,15190.0,49.5,331.525,11.9815743957,56.1432011801,18.8218408655,18.8218408655
21403.0,15061.0,42.85,328.3,7.39074590282,64.1266689392,7.98346775914,7.98346775914
21211.0,14817.0,38.05,322.2,7.76208734813,38.1975763083,-25.9290926309,25.9290926309
21067.0,14685.0,34.45,318.9,4.88364617883,47.4874310028,9.28985469456,9.28985469456
20844.0,14087.0,28.875,303.95,15.955661221,20.4506769095,-27.0367540933,27.0367540933
20679.0,13711.0,24.75,294.55,10.2652630263,23.6927564391,3.24207952954,3.24207952954
20600.0,13611.0,22.775,292.05,3.18600455116,38.3059810948,14.6132246557,14.6132246557
20538.0,13495.0,21.225,289.15,3.28823660949,28.1217058996,-10.1842751952,10.1842751952
20564.0,13472.0,21.875,288.575,0.867827747885,311.508787612,-76.6129182877,76.6129182877
20744.0,13319.0,26.375,284.75,5.90598213678,310.366342552,-1.1424450603,1.1424450603
20983.0,13549.0,32.35,290.5,8.2923534054,226.100641248,-84.2657013038,84.2657013038
21230.0,13787.0,38.525,296.45,8.57514577136,226.064340433,-0.036300814844,0.036300814844
21401.0,13906.0,42.8,299.425,5.20828666646,235.167998942,9.10365850943,9.10365850943
21516.0,13933.0,45.675,300.1,2.95317625617,256.792040031,21.6240410882,21.6240410882
21609.0,13497.0,48.0,289.2,11.1452063687,347.959358692,91.1673186614,91.1673186614
21603.0,13202.0,47.85,281.825,7.376525266,1.16513873703,13.2057800451,13.2057800451
21540.0,13021.0,46.275,277.3,4.79126809937,19.1903183254,18.0251795883,18.0251795883
21436.0,12737.0,43.675,270.2,7.56108457829,20.1119538671,0.921635541728,0.921635541728
21386.0,12627.0,42.425,267.45,3.0207614934,24.4420133893,4.33005952222,4.33005952222
21224.0,12520.0,38.375,264.775,4.85367129089,56.5530696457,32.1110562564,32.1110562564
20679.0,12429.0,24.75,262.5,13.8136255198,80.5196757821,23.9666061365,23.9666061365
20224.0,12368.0,13.375,260.975,11.476770016,82.3629514112,1.84327562902,1.84327562902
20068.0,12193.0,9.475,256.6,5.86094062417,41.7131325408,-40.6498188704,40.6498188704
19983.0,11799.0,7.35,246.75,10.0766127741,12.1738933337,-29.5392392071,29.5392392071
19718.0,11068.0,0.725,228.475,19.4387821121,19.9262123083,7.75231897467,7.75231897467
19689.0,10459.0,0.0,213.25,15.2422521302,2.72626859795,-17.1999437104,17.1999437104
19949.0,9808.0,6.5,196.975,17.525,338.229230649,-24.4970379486,24.4970379486
20147.0,9551.0,11.45,190.55,8.11067968792,322.389382585,-15.8398480644,15.8398480644
20560.0,8975.0,21.775,176.15,17.7190751734,324.359392168,1.97000958303,1.97000958303
20744.0,8650.0,26.375,168.025,9.33678879487,330.484194228,6.12480205976,6.12480205976
20801.0,8232.0,27.8,157.575,10.5467115728,352.235010922,21.7508166938,21.7508166938
21448.0,7832.0,43.975,147.575,19.0165881535,301.72652422,-50.5084867019,50.5084867019
22304.0,7356.0,65.375,135.675,24.4861185164,299.077791292,-2.64873292766,2.64873292766
22999.0,6850.0,82.75,123.025,21.4921642698,306.057266656,6.97947536366,6.97947536366
23164.0,6696.0,86.875,119.175,5.64252824539,313.02688209,6.96961543483,6.96961543483
23312.0,6525.0,90.575,114.9,5.65381508364,319.125530967,6.09864887641,6.09864887641
23312.0,6525.0,90.575,114.9,0.0,319.125530967,0.0,0.0
24145.0,6425.0,111.4,112.4,20.9745232365,276.846093454,-42.2794375133,42.2794375133
25057.0,5843.0,134.2,97.85,27.0470423522,302.54470259,25.6986091363,25.6986091363
25997.0,5474.0,157.7,88.625,25.2458041068,291.433118294,-11.1115842961,11.1115842961
26948.0,5108.0,181.475,79.475,25.4749509322,291.050088251,-0.383030042776,0.383030042776
27769.0,4945.0,202.0,75.4,20.9256122969,281.229990385,-9.82009786606,9.82009786606
28142.0,4799.0,211.325,71.75,10.0138965942,291.377687845,10.1476974603,10.1476974603
28363.0,4456.0,216.85,63.175,10.2007965375,327.206447466,35.8287596207,35.8287596207
28756.0,4312.0,226.675,59.575,10.4637768038,290.124677387,-37.0817700791,37.0817700791
29608.0,4355.0,247.975,60.65,21.3271100949,267.111507415,-23.0131699713,23.0131699713
30566.0,4289.0,271.925,59.0,24.0067698785,273.941603626,6.83009621015,6.83009621015
31535.0,4109.0,296.15,54.5,24.6394120263,280.523738332,6.58213470608,6.58213470608
32381.0,3819.0,317.3,47.25,22.3581081489,288.921727392,8.39798906034,8.39798906034
33436.0,3675.0,343.675,43.65,26.6195534335,277.772900141,-11.1488272505,11.1488272505
34438.0,3438.0,368.725,37.725,25.7411756725,283.307908612,5.53500847002,5.53500847002
35335.0,3133.0,391.15,30.1,23.6858871483,288.77969073,5.4717821189,5.4717821189
36214.0,2753.0,413.125,20.6,23.9405644253,293.379777048,4.60008631797,4.60008631797
37017.0,2315.0,433.2,9.65,22.8671844572,298.610957721,5.23118067311,5.23118067311
37750.0,1929.0,451.525,0.0,20.7105800257,297.771984861,-0.838972860792,0.838972860792
