X-location,Y-location,X-location,Y-location,Distance,Bearing,Angle,Abs Angle
25189.0,13079.0,139.475,75.0,,,,
24904.0,13310.0,132.35,80.775,9.17149115466,129.024420337,,
24872.0,13956.0,131.55,96.925,16.1698021014,177.164090757,48.1396704196,48.1396704196
25464.0,13688.0,146.35,90.225,16.2459225654,294.357139024,117.193048267,117.193048267
25312.0,12973.0,142.55,72.35,18.2744527962,12.0015383578,77.6443993342,77.6443993342
24520.0,12995.0,122.75,72.9,19.8076374159,91.5903427207,79.5888043629,79.5888043629
25105.0,13469.0,137.375,84.75,18.8232070859,230.984291903,139.393949182,139.393949182
25705.0,13153.0,152.375,76.85,16.9531707949,297.774976205,66.7906843026,66.7906843026
26181.0,12508.0,164.275,60.725,20.0405994172,323.573643137,25.7986669317,25.7986669317
25325.0,11981.0,142.875,47.55,25.1304720409,58.3808594452,94.8072163082,94.8072163082
24876.0,12202.0,131.65,53.075,12.5110451202,116.205556104,57.8246966584,57.8246966584
25065.0,12703.0,136.375,65.6,13.3866071131,200.669153228,84.463597124,84.463597124
24874.0,13246.0,131.6,79.175,14.3903179256,160.620354109,-40.0487991187,40.0487991187
25132.0,13803.0,138.05,93.1,15.3462739777,204.853782211,44.2334281024,44.2334281024
25516.0,13517.0,147.65,85.95,11.9700668336,306.679348427,101.825566216,101.825566216
25885.0,12711.0,156.875,65.8,22.1612979087,335.401165722,28.7218172956,28.7218172956
25486.0,12294.0,146.9,55.375,14.4284874467,43.7356780674,68.3345123449,68.3345123449
25130.0,12481.0,138.0,60.05,10.0531400567,117.710774143,73.975096076,73.975096076
24406.0,12714.0,119.9,65.875,19.0142216512,107.838601988,-9.87217215534,9.87217215534
24557.0,13410.0,123.675,83.275,17.804792192,192.241028707,84.4024267189,84.4024267189
24976.0,13373.0,134.15,82.35,10.515761979,275.047726961,82.8066982542,82.8066982542
25295.0,13922.0,142.125,96.075,15.8737597941,210.159485333,-64.8882416281,64.8882416281
25374.0,14570.0,144.1,112.275,16.3199456188,186.95094458,-23.2085407534,23.2085407534
25603.0,14554.0,149.825,111.875,5.73895678673,273.99912067,87.0481760907,87.0481760907
25603.0,14554.0,149.825,111.875,0.0,273.99912067,0.0,0.0
25603.0,14554.0,149.825,111.875,0.0,273.99912067,0.0,0.0
25933.0,14508.0,158.075,110.725,8.32976590307,277.93718419,3.93806351967,3.93806351967
26555.0,14263.0,173.625,104.6,16.7128131983,291.499757471,13.5625732805,13.5625732805
26586.0,13382.0,174.4,82.575,22.0386308558,357.984769556,66.4850120854,66.4850120854
26279.0,13009.0,166.725,73.25,12.077303093,39.4555831395,41.4708135836,41.4708135836
25981.0,12635.0,159.275,63.9,11.9551244243,38.5468230442,-0.908760095299,0.908760095299
25599.0,12312.0,149.725,55.825,12.5063234006,49.7829860951,11.2361630508,11.2361630508
24934.0,11952.0,133.1,46.825,18.9047778352,61.57033686,11.7873507649,11.7873507649
24594.0,12202.0,124.6,53.075,10.550473923,126.325686801,64.7553499408,64.7553499408
24523.0,12811.0,122.825,68.3,15.3281195846,173.350102084,47.0244152834,47.0244152834
24253.0,13118.0,116.075,75.975,10.220964974,138.668095472,-34.6820066122,34.6820066122
23954.0,13688.0,108.6,90.225,16.0915544619,152.319793793,13.6516983212,13.6516983212
24215.0,14095.0,115.125,100.4,12.0874418303,212.671812329,60.3520185362,60.3520185362
24680.0,14375.0,126.75,107.4,13.5698424825,238.946682969,26.2748706395,26.2748706395
25184.0,14695.0,139.35,115.4,14.9251465654,237.588552239,-1.35813072989,1.35813072989
25626.0,15061.0,150.4,124.55,14.3466023852,230.374209298,-7.21434294065,7.21434294065
25770.0,15362.0,154.0,132.075,8.34179986574,205.567462968,-24.8067463304,24.8067463304
25861.0,15883.0,156.275,145.1,13.2221877917,189.907765859,-15.6596971091,15.6596971091
25958.0,16515.0,158.7,160.9,15.9850125117,188.725867129,-1.18189872934,1.18189872934
26442.0,16337.0,170.8,156.45,12.8923426886,290.192920922,101.467053793,101.467053793
26923.0,15980.0,182.825,147.525,14.9751878118,306.583665833,16.3907449111,16.3907449111
26800.0,15402.0,179.75,133.075,14.7735616897,12.0133044706,65.4296386373,65.4296386373
26361.0,15045.0,168.775,124.15,14.1458916297,50.8808396496,38.867535179,38.867535179
25886.0,14957.0,156.9,121.95,12.0770702159,79.5031046254,28.6222649758,28.6222649758
25392.0,15273.0,144.55,129.85,14.660576387,122.605204629,43.1021000035,43.1021000035
25257.0,15864.0,141.175,144.625,15.1555682836,167.132674517,44.5274698883,44.5274698883
25148.0,16233.0,138.45,153.85,9.61905660655,163.542795089,-3.58987942837,3.58987942837
25097.0,16660.0,137.175,164.525,10.7508720577,173.188811494,9.64601640542,9.64601640542
25130.0,17182.0,138.0,177.575,13.076051583,183.617405307,10.428593813,10.428593813
25607.0,17533.0,149.925,186.35,14.8056154887,233.653366352,50.0359610451,50.0359610451
26425.0,17522.0,170.375,186.075,20.4518489384,270.771059647,37.1176932946,37.1176932946
26915.0,17296.0,182.625,180.425,13.4901816148,294.761217709,23.9901580623,23.9901580623
27361.0,16939.0,193.775,171.5,14.2820910584,308.676211023,13.9149933141,13.9149933141
27921.0,16645.0,207.775,164.15,15.8120997973,297.700222249,-10.9759887748,10.9759887748
28155.0,16051.0,213.625,149.3,15.9607330659,338.498876447,40.7986541985,40.7986541985
28298.0,15302.0,217.2,130.575,19.0632171996,349.191229874,10.6923534268,10.6923534268
28500.0,14510.0,222.25,110.775,20.4338567089,345.691892291,-3.49933758314,3.49933758314
28337.0,14035.0,218.175,98.9,12.5547301843,18.9397079424,33.2478156518,33.2478156518
28075.0,13533.0,211.625,86.35,14.1564472944,27.5601673526,8.62045941018,8.62045941018
27927.0,12963.0,207.925,72.1,14.7225167685,14.5551515567,-13.0050157959,13.0050157959
27587.0,12395.0,199.425,57.9,16.5496223522,30.9039642634,16.3488127066,16.3488127066
27281.0,11863.0,191.775,44.6,15.3431580843,29.9065548288,-0.99740943452,0.99740943452
26783.0,11426.0,179.325,33.675,16.5637593861,48.7321146728,18.825559844,18.825559844
26266.0,11110.0,166.4,25.775,15.148122821,58.5651945057,9.83307983291,9.83307983291
25998.0,11120.0,159.7,26.025,6.70466255676,92.1347017044,33.5695071987,33.5695071987
25652.0,11011.0,151.05,23.3,9.06907520092,72.5126210393,-19.6220806651,19.6220806651
25093.0,10858.0,137.075,19.475,14.4890044517,74.6919668557,2.17934581641,2.17934581641
24662.0,10381.0,126.3,7.55,16.071908723,42.0992678492,-32.5926990065,32.5926990065
24302.0,10087.0,117.3,0.2,11.6199182441,50.7617210057,8.66245315648,8.66245315648
23597.0,10079.0,99.675,0.0,17.6261347152,89.349125899,38.5874048933,38.5874048933
23038.0,10301.0,85.7,5.55,15.0367258737,111.65895197,22.309826071,22.309826071
22948.0,10722.0,83.45,16.075,10.7628121325,167.93284018,56.2738882095,56.2738882095
22514.0,10977.0,72.6,22.45,12.5842411372,120.435657567,-47.4971826123,47.4971826123
22145.0,11314.0,63.375,30.875,12.4932481765,132.403913587,11.9682560195,11.9682560195
21760.0,11677.0,53.75,39.95,13.2286148179,133.314488404,0.910574817787,0.910574817787
21368.0,11856.0,43.95,44.425,10.7733757476,114.541722397,-18.7727660074,18.7727660074
21214.0,11898.0,40.1,45.475,3.99061398785,105.251592577,-9.29012982008,9.29012982008
21104.0,11946.0,37.35,46.675,3.00041663774,113.5702744,8.31868182284,8.31868182284
20960.0,11981.0,33.75,47.55,3.70481106131,103.657332234,-9.91294216588,9.91294216588
20646.0,11840.0,25.9,44.025,8.60512202122,65.8163308727,-37.8410013613,37.8410013613
20317.0,11871.0,17.675,44.8,8.26143147402,95.3810002482,29.5646693756,29.5646693756
19949.0,11910.0,8.475,45.775,9.25152014536,96.0479157303,0.666915482064,0.666915482064
19610.0,11821.0,0.0,43.55,8.76220577252,75.2882020801,-20.7597136502,20.7597136502
