X-location,Y-location,X-location,Y-location,Distance,Bearing,Angle,Abs Angle
25891.0,10472.0,166.825,216.2,,,,
23776.0,10203.0,113.95,209.475,53.3009498039,82.7514557256,,
24284.0,10798.0,126.65,224.35,19.5590292448,220.490596845,137.739141119,137.739141119
24666.0,10217.0,136.2,209.825,17.3832714125,326.676021164,106.185424319,106.185424319
24846.0,10236.0,140.7,210.3,4.525,263.977643966,-62.6983771975,62.6983771975
25350.0,10258.0,153.3,210.85,12.6119982556,267.501788973,3.52414500668,3.52414500668
25842.0,10361.0,165.6,213.425,12.5666473254,258.177098785,-9.32469018844,9.32469018844
26193.0,10446.0,174.375,215.55,9.02863500204,256.38862835,-1.78847043427,1.78847043427
25503.0,10177.0,157.125,208.825,18.5145382065,68.7007614284,172.312133078,172.312133078
24442.0,10053.0,130.6,205.725,26.7055354749,83.3335696277,14.6328081993,14.6328081993
24481.0,10860.0,131.575,225.9,20.1985457397,182.76682497,99.4332553425,99.4332553425
25292.0,11659.0,151.85,245.875,28.4618384859,225.427438261,42.6606132904,42.6606132904
26197.0,11497.0,174.475,241.825,22.9846280153,280.149319127,54.7218808662,54.7218808662
26573.0,11056.0,183.875,230.8,14.4882926875,319.549441588,39.4001224609,39.4001224609
26266.0,10176.0,176.2,208.8,23.300335298,19.2318360089,59.6823944212,59.6823944212
25814.0,9165.0,164.9,183.525,27.6860185834,24.0883728346,4.85653682567,4.85653682567
24919.0,8670.0,142.525,171.15,25.5691464464,61.0537810125,36.9654081779,36.9654081779
23986.0,8977.0,119.2,178.825,24.5552692919,108.212973506,47.1591924932,47.1591924932
23705.0,10072.0,112.175,206.2,28.2620107211,165.607137774,57.3941642686,57.3941642686
23709.0,10896.0,112.275,226.8,20.600242717,180.278136278,14.6709985032,14.6709985032
23816.0,11577.0,114.95,243.825,17.2338692696,188.92955369,8.65141741223,8.65141741223
24111.0,12076.0,122.325,256.3,14.4919374136,210.59135954,21.6618058506,21.6618058506
24832.0,12237.0,140.35,260.325,18.4689266066,257.413128937,46.8217693963,46.8217693963
25358.0,12194.0,153.5,259.25,13.1938669464,274.674493151,17.2613642145,17.2613642145
25795.0,12255.0,164.425,260.775,11.0309224456,262.054892706,-12.6196004449,12.6196004449
25958.0,12487.0,168.5,266.575,7.08841484395,215.092539604,-46.9623531022,46.9623531022
26037.0,12984.0,170.475,279.0,12.5809876401,189.032002812,-26.0605367918,26.0605367918
26322.0,14062.0,177.6,305.95,27.8759416881,194.809091897,5.77708908455,5.77708908455
27100.0,14216.0,197.05,309.8,19.8273800589,258.804187392,63.9950954949,63.9950954949
27807.0,13965.0,214.725,303.525,18.7558324262,289.546602062,30.7424146706,30.7424146706
28081.0,13214.0,221.575,284.75,19.9855729215,339.955889154,50.4092870918,50.4092870918
28310.0,12400.0,227.3,264.4,21.1399651135,344.287455709,4.33156655444,4.33156655444
28048.0,11834.0,220.75,250.25,15.5924661295,24.8389366359,40.5514809273,40.5514809273
27972.0,10997.0,218.85,229.325,21.0110833847,5.18819952385,-19.650737112,19.650737112
28372.0,10534.0,228.85,217.75,15.296425236,319.175829627,-46.0123698969,46.0123698969
28416.0,9744.0,229.95,198.0,19.7806091918,356.812173836,37.6363442094,37.6363442094
28226.0,9207.0,225.2,184.575,14.2405451089,19.4843516917,22.6721778555,22.6721778555
27464.0,8586.0,206.15,169.05,24.5749491352,50.8209124712,31.3365607795,31.3365607795
26631.0,8641.0,185.325,170.425,20.8703437921,93.7767939641,42.9558814929,42.9558814929
25740.0,8955.0,163.05,178.275,23.6177502104,109.412489554,15.6356955898,15.6356955898
24679.0,8629.0,136.525,170.125,27.7488400658,72.9196102494,-36.4928793045,36.4928793045
24233.0,8240.0,125.375,160.4,14.7952061493,48.9044622457,-24.0151480037,24.0151480037
23582.0,8724.0,109.1,172.5,20.2801781304,126.629142122,77.7246798759,77.7246798759
22983.0,9243.0,94.125,185.475,19.8141679109,130.90651141,4.27736928878,4.27736928878
22558.0,9406.0,83.5,189.55,11.37964191,110.982054339,-19.9244570713,19.9244570713
22394.0,9309.0,79.4,187.125,4.76346774944,59.3947002265,-51.5873541125,51.5873541125
22103.0,9375.0,72.125,188.775,7.45976708752,102.776795347,43.38209512,43.38209512
21827.0,9347.0,65.225,188.075,6.93541635376,84.2052198513,-18.5715754952,18.5715754952
21616.0,9381.0,59.95,188.925,5.34304454408,99.1510944269,14.9458745757,14.9458745757
21180.0,9224.0,49.05,185.0,11.5851467405,70.1953663853,-28.9557280416,28.9557280416
21186.0,8697.0,49.2,171.825,13.1758538623,359.347716143,-70.8476502423,70.8476502423
20934.0,8276.0,42.9,161.3,12.266443046,30.9031034621,31.5553873191,31.5553873191
20122.0,8395.0,22.6,164.275,20.5168375974,98.3366846826,67.4335812205,67.4335812205
19886.0,9234.0,16.7,185.25,21.7890023865,164.289193265,65.9525085819,65.9525085819
19442.0,9577.0,5.6,193.825,14.0264259525,127.686042037,-36.6031512272,36.6031512272
19218.0,10236.0,0.0,210.3,17.400736335,161.226362185,33.5403201474,33.5403201474
19759.0,11088.0,13.525,231.6,25.2312430332,212.414920531,51.1885583459,51.1885583459
20573.0,11137.0,33.875,232.825,20.3868370524,266.555922547,54.1410020165,54.1410020165
21106.0,11134.0,47.2,232.75,13.3252110677,270.323486098,3.76756355075,3.76756355075
21671.0,10967.0,61.325,228.575,14.7290953558,286.467244201,16.1437581036,16.1437581036
22175.0,11491.0,73.925,241.675,18.1760831864,223.886020104,-62.5812240978,62.5812240978
22288.0,12193.0,76.75,259.225,17.7759141818,189.14451936,-34.7415007432,34.7415007432
22304.0,12878.0,77.15,276.35,17.1296708958,181.338072934,-7.80644642658,7.80644642658
21956.0,13417.0,68.45,289.825,16.0395020185,147.151580383,-34.1864925505,34.1864925505
21276.0,13920.0,51.45,302.4,21.1454634615,126.489960863,-20.6616195203,20.6616195203
21329.0,14533.0,52.775,317.725,15.3821731235,184.941590662,58.4516297986,58.4516297986
21990.0,14757.0,69.3,323.325,17.4480837057,251.280321003,66.3387303413,66.3387303413
22751.0,14634.0,88.325,320.25,19.2719031235,279.181948571,27.9016275681,27.9016275681
23540.0,14445.0,108.05,315.525,20.28302862,283.471634094,4.28968552268,4.28968552268
24244.0,14091.0,125.65,306.675,19.6998096438,296.695716961,13.2240828671,13.2240828671
24677.0,13530.0,136.475,292.65,17.7166941047,322.338209407,25.642492446,25.642492446
24992.0,12957.0,144.35,278.325,16.3469033765,331.201120792,8.86291138464,8.86291138464
25531.0,12513.0,157.825,267.225,17.4581105793,309.480501623,-21.7206191683,21.7206191683
25805.0,11843.0,164.675,250.475,18.0965466319,337.757917142,28.2774155191,28.2774155191
26428.0,11625.0,180.25,245.025,16.5010037573,289.286709185,-48.4712079576,48.4712079576
27104.0,11405.0,197.15,239.525,17.7724505907,288.027862169,-1.25884701539,1.25884701539
27599.0,11165.0,209.525,233.525,13.7528406157,295.867239796,7.8393776267,7.8393776267
28258.0,11402.0,226.0,239.45,17.5080338702,250.220427387,-45.6468124086,45.6468124086
28873.0,12069.0,241.375,256.125,22.6814075842,222.677727632,-27.5426997551,27.5426997551
29661.0,12133.0,261.075,257.725,19.7648678215,265.357521855,42.6797942227,42.6797942227
30249.0,11868.0,275.775,251.1,16.1239146922,294.26090452,28.9033826651,28.9033826651
30666.0,11234.0,286.2,235.25,18.9711129088,326.66631912,32.4054145995,32.4054145995
30569.0,10590.0,283.775,219.15,16.2816038829,8.56544298176,41.8991238622,41.8991238622
30476.0,10067.0,281.45,206.075,13.2801073038,10.082777563,1.51733458129,1.51733458129
29897.0,9778.0,266.975,198.85,16.1779556805,63.4738064918,53.3910289287,53.3910289287
29063.0,9505.0,246.125,192.025,21.9386217662,71.874195277,8.40038878526,8.40038878526
28727.0,8905.0,237.725,177.025,17.1918585383,29.2484439513,-42.6257513257,42.6257513257
28194.0,8210.0,224.4,159.65,21.8962610964,37.4844657277,8.23602177631,8.23602177631
27504.0,8036.0,207.15,155.3,17.7900252951,75.8458707532,38.3614050255,38.3614050255
26819.0,8416.0,190.025,164.8,19.5835549633,119.018391736,43.172520983,43.172520983
26055.0,8885.0,170.925,176.525,22.4117296298,121.544102253,2.52571051634,2.52571051634
25278.0,9079.0,151.5,181.375,20.0213167649,104.01813332,-17.5259689326,17.5259689326
24503.0,8339.0,132.125,162.875,26.7888152967,46.3230818706,-57.6950514494,57.6950514494
24489.0,7748.0,131.775,148.1,14.7791449347,1.356984831,-44.9660970396,44.9660970396
24095.0,6963.0,121.925,128.475,21.9582131559,26.6523000151,25.2953151841,25.2953151841
24020.0,6491.0,120.05,116.675,11.948038542,9.02853898994,-17.6237610252,17.6237610252
24074.0,6014.0,121.4,104.75,12.0011718178,353.541312424,-15.4872265661,15.4872265661
24072.0,5904.0,121.35,102.0,2.7504545079,1.04153289189,7.50022046804,7.50022046804
23774.0,5704.0,113.9,97.0,8.97231854093,56.1315427331,55.0900098413,55.0900098413
22852.0,5499.0,90.85,91.875,23.6128804893,77.4640858965,21.3325431634,21.3325431634
21903.0,5602.0,67.125,94.45,23.8643300765,96.1937000324,18.7296141359,18.7296141359
21489.0,6044.0,56.775,105.5,15.1401783345,136.872809821,40.6791097886,40.6791097886
20969.0,5947.0,43.775,103.075,13.2242438347,79.4325773295,-57.4402324915,57.4402324915
20380.0,5172.0,29.05,83.7,24.3354936256,37.2345092813,-42.1980680482,42.1980680482
20378.0,4953.0,29.0,78.225,5.47522830574,0.523211134551,-36.7112981467,36.7112981467
20374.0,4856.0,28.9,75.8,2.42706097987,2.36113351245,1.8379223779,1.8379223779
20373.0,4857.0,28.875,75.825,0.0353553390593,134.71204568,132.350912168,132.350912168
20373.0,4856.0,28.875,75.8,0.025,0.0,-134.71204568,134.71204568
20373.0,4856.0,28.875,75.8,0.0,0.0,0.0,0.0
20551.0,4542.0,33.325,67.95,9.02358022073,330.45276849,-29.5472315099,29.5472315099
20560.0,4128.0,33.55,57.6,10.3524453633,358.754664752,28.3018962623,28.3018962623
20445.0,3725.0,30.675,47.525,10.477177578,15.9262548622,17.1715901098,17.1715901098
20374.0,3548.0,28.9,43.1,4.76773006786,21.8560989438,5.92984408161,5.92984408161
20783.0,3250.0,39.125,35.65,12.6512104164,306.078188373,-75.777910571,75.777910571
21438.0,3133.0,55.5,32.725,16.6341891897,280.128479404,-25.9497089691,25.9497089691
22059.0,2869.0,71.025,26.125,16.8696658236,293.032077714,12.9035983103,12.9035983103
21640.0,2412.0,60.55,14.7,15.5002016116,42.5155352669,109.483457553,109.483457553
21237.0,2103.0,50.475,6.975,12.695717782,52.5199848389,10.004449572,10.004449572
20872.0,1824.0,41.35,0.0,11.4854799639,52.605351949,0.0853671101146,0.0853671101146
