X-location,Y-location,X-location,Y-location,Distance,Bearing,Angle,Abs Angle
25313.0,10331.0,186.475,88.925,,,,
25339.0,9731.0,187.125,73.925,15.0140767282,357.518774405,,
24928.0,9999.0,176.85,80.625,12.266443046,123.106063102,125.587288697,125.587288697
24869.0,10255.0,175.375,87.025,6.56777169213,167.021229297,43.9151661948,43.9151661948
24502.0,10470.0,166.2,92.4,10.6334966027,120.361884295,-46.6593450019,46.6593450019
24835.0,11028.0,174.525,106.35,16.2452493056,210.828140195,90.4662559,90.4662559
25444.0,11441.0,189.75,116.675,18.3958215364,235.857104972,25.028964777,25.028964777
25910.0,10812.0,201.4,100.95,19.5703378867,323.467192878,87.6100879063,87.6100879063
25897.0,10136.0,201.075,84.05,16.9031247111,1.10169075259,37.6344978742,37.6344978742
26080.0,9558.0,205.65,69.6,15.1569497261,342.432014791,-18.669675962,18.669675962
25528.0,9572.0,191.85,69.95,13.8044376923,91.4517302756,109.019715485,109.019715485
25347.0,9328.0,187.325,63.85,7.59510533173,36.56705249,-54.8846777856,54.8846777856
24590.0,9667.0,168.4,72.325,20.7359892458,114.123119987,77.556067497,77.556067497
24439.0,10326.0,164.625,88.8,16.9019599455,167.0941121,52.9709921133,52.9709921133
24320.0,10885.0,161.65,102.775,14.2881506851,167.982043853,0.887931752864,0.887931752864
23991.0,11184.0,153.425,110.25,11.114236366,132.264025554,-35.7180182995,35.7180182995
24347.0,11722.0,162.325,123.7,16.1280035962,213.493524697,81.2294991437,81.2294991437
25108.0,11763.0,181.35,124.725,19.0525916872,266.916910875,53.4233861779,53.4233861779
25800.0,11348.0,198.65,114.35,20.172521533,300.952137976,34.0352271005,34.0352271005
26434.0,10781.0,214.5,100.175,21.2638925176,311.807420364,10.8552823883,10.8552823883
27050.0,10028.0,229.9,81.35,24.3216081911,320.715076618,8.90765625411,8.90765625411
26887.0,9514.0,225.825,68.5,13.4806574395,17.5945886259,56.8795120077,56.8795120077
26633.0,9004.0,219.475,55.75,14.2437705682,26.4746790233,8.88009039738,8.88009039738
26176.0,8628.0,208.05,46.35,14.7949526866,50.553212468,24.0785334448,24.0785334448
25664.0,8154.0,195.25,34.5,17.4431218536,47.2064987791,-3.34671368897,3.34671368897
25539.0,7806.0,192.125,25.8,9.24422116784,19.7575478349,-27.4489509442,27.4489509442
25576.0,7398.0,193.05,15.6,10.2418565212,354.818355076,-24.9391927592,24.9391927592
25692.0,6970.0,195.95,4.9,11.0860272415,344.835864278,-9.98249079753,9.98249079753
25270.0,6774.0,185.4,0.0,11.6323901241,65.0861916821,80.2503274039,80.2503274039
24816.0,6830.0,174.05,1.4,11.4360176635,97.0304888466,31.9442971645,31.9442971645
24274.0,7243.0,160.5,11.725,17.0354960303,127.306419838,30.2759309913,30.2759309913
24408.0,7646.0,163.85,21.8,10.6173501873,198.392727517,71.0863076789,71.0863076789
24582.0,8145.0,168.2,34.275,13.2116662462,199.22390356,0.831176042869,0.831176042869
24755.0,9010.0,172.525,55.9,22.0532593963,191.310069409,-7.91383415044,7.91383415044
24488.0,9645.0,165.85,71.775,17.2212441479,157.194246569,-34.1158228399,34.1158228399
23867.0,9819.0,150.325,76.125,16.1229068409,105.6515944,-51.5426521696,51.5426521696
23246.0,10038.0,134.8,81.6,16.4621155992,109.424675027,3.77308062784,3.77308062784
22785.0,10085.0,123.275,82.775,11.5847421206,95.8200201896,-13.6046548379,13.6046548379
22394.0,10513.0,113.5,93.475,14.4927783741,137.58599274,41.7659725509,41.7659725509
22496.0,10724.0,116.05,98.75,5.85902082263,205.800780929,68.2147881885,68.2147881885
22570.0,10983.0,117.9,105.225,6.73410164758,195.945993743,-9.85478718553,9.85478718553
22284.0,11305.0,110.75,113.275,10.7668472637,138.387638357,-57.5583553861,57.5583553861
21779.0,11127.0,98.125,108.825,13.3863036347,70.582757771,-67.8048805864,67.8048805864
21395.0,11008.0,88.525,105.85,10.0504042207,72.7807091557,2.19795138476,2.19795138476
21225.0,11418.0,84.275,116.1,11.0961705106,157.478920933,84.6982117778,84.6982117778
21639.0,11877.0,94.625,127.575,15.4530943503,222.049877246,64.5709563121,64.5709563121
22300.0,12431.0,111.15,141.425,21.5614963535,230.033368547,7.98349130191,7.98349130191
22832.0,12153.0,124.45,134.475,15.0064152948,297.590398935,67.5570303875,67.5570303875
23261.0,11581.0,135.175,120.175,17.875,323.13055201,25.5401530752,25.5401530752
23894.0,11235.0,151.0,111.525,18.0347754353,298.6618146,-24.46873741,24.46873741
24631.0,11716.0,169.425,123.55,22.0018465134,236.870283873,-61.7915307272,61.7915307272
24751.0,12434.0,172.425,141.5,18.1989697511,189.48833882,-47.3819450531,47.3819450531
24715.0,13325.0,171.525,163.775,22.2931744038,177.686249608,-11.8020892119,11.8020892119
24783.0,13517.0,173.225,168.575,5.09215082259,199.503404118,21.8171545098,21.8171545098
24873.0,13688.0,175.475,172.85,4.83095487456,207.759945066,8.25654094818,8.25654094818
25100.0,13707.0,181.15,173.325,5.69484415941,265.218048785,57.4581037189,57.4581037189
25306.0,13737.0,186.3,174.075,5.20432512436,261.716995604,-3.50105318104,3.50105318104
25683.0,13543.0,195.725,169.225,10.5996757026,297.230994354,35.5139987498,35.5139987498
25835.0,13124.0,199.525,158.75,11.1429630261,340.061245052,42.8302506981,42.8302506981
25841.0,12382.0,199.675,140.2,18.5506064591,359.53670776,19.4754627081,19.4754627081
25850.0,11612.0,199.9,120.95,19.2513148902,359.330347695,-0.206360064433,0.206360064433
26318.0,11129.0,211.6,108.875,16.8135547996,315.904199564,-43.4261481314,43.4261481314
26767.0,10687.0,222.825,97.825,15.7512896297,314.550483734,-1.35371583033,1.35371583033
26600.0,10226.0,218.65,86.3,12.2579056123,19.9128403037,65.36235657,65.36235657
26294.0,9860.0,211.0,77.15,11.9266508291,39.8970981115,19.9842578078,19.9842578078
25812.0,9568.0,198.95,69.85,14.0887366361,58.7913164234,18.894218312,18.894218312
25370.0,9072.0,187.9,57.45,16.6091089466,41.7046204939,-17.0866959296,17.0866959296
24838.0,8756.0,174.6,49.55,15.4693244843,59.2895790609,17.584958567,17.584958567
24161.0,8559.0,157.675,44.625,17.6270034322,73.7748323648,14.4852533039,14.4852533039
23552.0,8371.0,142.45,39.925,15.9339456821,72.8435994411,-0.931232923703,0.931232923703
22840.0,8206.0,124.65,35.8,18.2717165313,76.9518015339,4.10820209275,4.10820209275
22571.0,8812.0,117.925,50.95,16.5755278951,156.06346291,79.1116613763,79.1116613763
22547.0,9731.0,117.325,73.925,22.9828332675,178.50402357,22.4405606594,22.4405606594
22027.0,9966.0,104.325,79.8,14.2658902631,114.318338153,-64.1856854169,64.1856854169
21420.0,9713.0,89.15,73.475,16.4403847279,67.3726857132,-46.9456524395,46.9456524395
21190.0,9472.0,83.4,67.45,8.32845273745,43.6609747048,-23.7117110083,23.7117110083
20930.0,9241.0,76.9,61.675,8.69486198855,48.3789509454,4.71797624053,4.71797624053
20774.0,8708.0,73.0,48.35,13.8840060861,16.3135764112,-32.0653745341,32.0653745341
20537.0,8295.0,67.075,38.025,11.9042534415,29.8487801526,13.5352037414,13.5352037414
20341.0,8717.0,62.175,48.575,11.6323901241,155.086713742,125.237933589,125.237933589
20226.0,9255.0,59.3,62.025,13.7538403728,167.934110257,12.8473965152,12.8473965152
20003.0,9719.0,53.725,73.625,12.8701447156,154.330396348,-13.6037139093,13.6037139093
20050.0,10205.0,54.9,85.775,12.2066836201,185.523890051,31.1934937032,31.1934937032
20497.0,10472.0,66.075,92.45,13.016768032,239.15047078,53.6265807288,53.6265807288
21042.0,10776.0,79.7,100.05,15.601302029,240.848155279,1.69768449924,1.69768449924
21220.0,11101.0,84.15,108.175,9.26380726268,208.709948586,-32.1382066931,32.1382066931
21215.0,11815.0,84.025,126.025,17.8504376697,179.598769651,-29.1111789343,29.1111789343
20853.0,12275.0,74.975,137.525,14.6339502528,141.798155181,-37.8006144707,37.8006144707
20296.0,12463.0,61.05,142.225,14.6967896154,108.649709352,-33.1484458285,33.1484458285
19742.0,12522.0,47.2,143.7,13.9283209684,96.0778903478,-12.5718190043,12.5718190043
19296.0,12602.0,36.05,145.7,11.3279521539,100.167816284,4.08992593648,4.08992593648
19043.0,12909.0,29.725,153.375,9.94541351579,140.506971212,40.3391549274,40.3391549274
18772.0,13203.0,22.95,160.725,9.996155511,137.330100223,-3.17687098822,3.17687098822
18320.0,13428.0,11.65,166.35,12.6226235387,116.462483447,-20.8676167764,20.8676167764
17854.0,13498.0,0.0,168.1,11.780704563,98.541518707,-17.92096474,17.92096474
